n=10:
Current B: [[ 4.09519510e+01  0.00000000e+00  0.00000000e+00  0.00000000e+00
   0.00000000e+00  0.00000000e+00  0.00000000e+00  0.00000000e+00
   0.00000000e+00  0.00000000e+00]
 [-1.10777338e+01  3.21605922e+01  0.00000000e+00  0.00000000e+00
   0.00000000e+00  0.00000000e+00  0.00000000e+00  0.00000000e+00
   0.00000000e+00  0.00000000e+00]
 [ 1.48967835e+01  9.47642294e+00  3.19671350e+01  0.00000000e+00
   0.00000000e+00  0.00000000e+00  0.00000000e+00  0.00000000e+00
   0.00000000e+00  0.00000000e+00]
 [ 3.09229371e+01  1.01188817e+01 -1.05220162e+01  3.46739930e+01
  -0.00000000e+00 -0.00000000e+00 -0.00000000e+00 -0.00000000e+00
  -0.00000000e+00 -0.00000000e+00]
 [-3.72400111e+00  2.20736704e+00 -6.47941361e+00  1.06767651e+00
   3.59144425e+01  0.00000000e+00  0.00000000e+00  0.00000000e+00
   0.00000000e+00  0.00000000e+00]
 [-9.31491818e+00  6.84458630e+00 -2.94096521e+00 -7.08518759e+00
  -5.87741804e+00  3.14288313e+01 -0.00000000e+00 -0.00000000e+00
  -0.00000000e+00 -0.00000000e+00]
 [ 2.47303691e+01  7.25572856e+00  4.56936660e+00  1.86226353e+01
   1.55112998e+01  1.56404883e+00  2.06878552e+01  0.00000000e+00
   0.00000000e+00  0.00000000e+00]
 [-6.35852962e+00 -2.04865949e-01 -1.41368185e+01 -1.58486724e+01
  -1.70798659e+01  1.17657102e+01 -3.34819256e-01  2.28588487e+01
  -0.00000000e+00 -0.00000000e+00]
 [-4.68571547e+01 -8.39777664e-01  5.64453997e+00 -2.26629329e+01
   1.16551197e+01 -2.52307366e+01 -1.91020172e+01 -1.77056951e+01
   2.66534480e+01 -0.00000000e+00]
 [-2.68904502e+02 -2.99850564e+01 -3.75831327e+01 -1.97164163e+02
  -7.47606791e+00 -2.29358537e+01 -1.02952093e+02  7.05310801e+00
   8.99430608e+01  2.61404859e+01]]

   [[  39.57727391    0.            0.            0.            0.
     0.            0.            0.            0.            0.        ]
 [ -13.00211437   32.15885219    0.            0.            0.
     0.            0.            0.            0.            0.        ]
 [  15.65273796    9.02378453   31.64994051    0.            0.
     0.            0.            0.            0.            0.        ]
 [  32.58270098    9.11413394  -12.21585015   35.47142582   -0.
    -0.           -0.           -0.           -0.           -0.        ]
 [  -4.88947227    2.89179098   -7.9930516     1.68889762   35.86132577
     0.            0.            0.            0.            0.        ]
 [ -10.89501638    6.41384732   -2.91635934   -7.92225011   -5.92828227
    30.96830671   -0.           -0.           -0.           -0.        ]
 [  25.23289467    6.99677153    5.63751465   18.75161575   16.48224282
     1.20864488   21.11444668    0.            0.            0.        ]
 [  -5.9562184    -0.3559668   -14.85966068  -15.97026938  -16.36490571
    13.79966486    0.81859831   23.67705587   -0.           -0.        ]
 [ -47.06346544   -1.91598575    5.73379529  -22.4153539    12.61107512
   -24.04473743  -17.80561111  -18.65810951   25.87403487   -0.        ]
 [-268.42953216  -30.00910346  -37.84889932 -197.24000668   -7.53547865
   -23.16141148 -103.43268482    7.26353286   89.62208694   26.47783254]]